(326.81317138671875, 17.368392944335938, 364.5687561035156, 29.68953514099121, 'الجمهورية', 0, 0, 0)
(290.3153991699219, 17.368392944335938, 323.67767333984375, 29.68953514099121, 'الجزائرية', 0, 0, 1)
(246.64132690429688, 17.368392944335938, 287.1799011230469, 29.68953514099121, 'الديمقراطية', 0, 0, 2)
(217.20001220703125, 17.368392944335938, 243.4307861328125, 29.68953514099121, 'الشعبية', 0, 0, 3)
(159.60000610351562, 30.208389282226562, 219.6529541015625, 42.52953338623047, 'République', 0, 1, 0)
(222.34683227539062, 30.208389282226562, 279.045166015625, 42.52953338623047, 'Algérienne', 0, 1, 1)
(282.0462951660156, 30.208389282226562, 355.7283630371094, 42.52953338623047, 'Démocratique', 0, 1, 2)
(358.7295227050781, 30.208389282226562, 368.5461730957031, 42.52953338623047, 'et', 0, 1, 3)
(371.6908264160156, 30.208389282226562, 422.1162109375, 42.52953338623047, 'Populaire', 0, 1, 4)
(310.0287170410156, 43.04839324951172, 330.90625, 55.369537353515625, 'وزارة', 1, 0, 0)
(284.6867980957031, 43.04839324951172, 306.9525451660156, 55.369537353515625, 'الثقافة', 1, 0, 1)
(276.54083251953125, 43.04839324951172, 281.52008056640625, 55.369537353515625, 'و', 1, 0, 2)
(250.79998779296875, 43.04839324951172, 273.4646301269531, 55.369537353515625, 'الفنون', 1, 0, 3)
(201.72000122070312, 55.888389587402344, 250.39353942871094, 68.20953369140625, 'Ministère', 1, 1, 0)
(253.39468383789062, 55.888389587402344, 266.277099609375, 68.20953369140625, 'de', 1, 1, 1)
(269.34619140625, 55.888389587402344, 278.6864013671875, 68.20953369140625, 'la', 1, 1, 2)
(281.68756103515625, 55.888389587402344, 320.40460205078125, 68.20953369140625, 'Culture', 1, 1, 3)
(323.4736633300781, 55.888389587402344, 333.2903137207031, 68.20953369140625, 'et', 1, 1, 4)
(336.4349670410156, 55.888389587402344, 355.4575500488281, 68.20953369140625, 'des', 1, 1, 5)
(358.15142822265625, 55.888389587402344, 379.95806884765625, 68.20953369140625, 'Arts', 1, 1, 6)
(113.27999877929688, 68.7283935546875, 180.15411376953125, 81.0495376586914, 'Bibliothéque', 1, 2, 0)
(183.28961181640625, 68.7283935546875, 235.3856658935547, 81.0495376586914, 'principale', 1, 2, 1)
(238.58908081054688, 68.7283935546875, 251.47149658203125, 81.0495376586914, 'de', 1, 2, 2)
(254.47265625, 68.7283935546875, 263.8128662109375, 81.0495376586914, 'la', 1, 2, 3)
(266.81402587890625, 68.7283935546875, 303.160888671875, 81.0495376586914, 'lecture', 1, 2, 4)
(306.29638671875, 68.7283935546875, 352.1842956542969, 81.0495376586914, 'publique', 1, 2, 5)
(355.25335693359375, 68.7283935546875, 368.2369384765625, 81.0495376586914, 'de', 1, 2, 6)
(371.2380676269531, 68.7283935546875, 380.57830810546875, 81.0495376586914, 'la', 1, 2, 7)
(383.5794677734375, 68.7283935546875, 416.85345458984375, 81.0495376586914, 'wilaya', 1, 2, 8)
(420.05682373046875, 68.7283935546875, 432.8195495605469, 81.0495376586914, 'de', 1, 2, 9)
(435.888671875, 68.7283935546875, 468.3289794921875, 81.0495376586914, 'Bejaia', 1, 2, 10)
(395.20050048828125, 81.56838989257812, 440.8749694824219, 93.88953399658203, 'المـــــــكتبـــة', 2, 0, 0)
(329.5780029296875, 81.56838989257812, 391.9900207519531, 93.88953399658203, 'الــــــــــرئيسيـــــة', 2, 0, 1)
(275.3595275878906, 81.56838989257812, 326.3100280761719, 93.88953399658203, 'للمـــــطالعـــــة', 2, 0, 2)
(230.706787109375, 81.56838989257812, 272.2833557128906, 93.88953399658203, 'العموميـــــة', 2, 0, 3)
(209.1497039794922, 81.56838989257812, 227.5731658935547, 93.88953399658203, 'لـــــو', 2, 0, 4)
(203.78042602539062, 81.56838989257812, 209.14608764648438, 93.88953399658203, 'ﻻ', 2, 0, 5)
(196.25653076171875, 81.56838989257812, 203.7750701904297, 93.88953399658203, 'ية', 2, 0, 6)
(140.75999450683594, 81.56838989257812, 189.98207092285156, 93.88953399658203, 'بـجايـــــــــــــة', 2, 0, 7)
(293.32940673828125, 94.40838623046875, 316.9411315917969, 106.72953033447266, 'الشهيد', 3, 0, 0)
(266.69775390625, 94.40838623046875, 290.19390869140625, 106.72953033447266, 'الطاهر', 3, 0, 1)
(243.29180908203125, 94.40838623046875, 263.63018798828125, 106.72953033447266, 'عمرو', 3, 0, 2)
(227.40000915527344, 94.40838623046875, 240.08567810058594, 106.72953033447266, 'شن', 3, 0, 3)
(52.31999969482422, 211.09466552734375, 73.1108627319336, 221.1390838623047, 'NAIT', 5, 0, 0)
(75.3609619140625, 211.09466552734375, 108.60985565185547, 221.1390838623047, 'AMARA', 5, 0, 1)
(72.12000274658203, 236.65464782714844, 101.22254180908203, 246.69906616210938, 'Hamza', 6, 0, 0)
(532.58740234375, 384.61468505859375, 549.94287109375, 394.6590881347656, 'عنوان', 7, 0, 0)
(528.1139526367188, 384.61468505859375, 529.97705078125, 394.6590881347656, 'ا', 7, 0, 1)
(523.1636962890625, 384.61468505859375, 528.0509033203125, 394.6590881347656, 'ﻻ', 7, 0, 2)
(511.8000183105469, 384.61468505859375, 523.158447265625, 394.6590881347656, 'قامة', 7, 0, 3)
(473.0479431152344, 387.3746643066406, 482.8853759765625, 397.4190673828125, 'حي', 7, 1, 0)
(450.8055725097656, 387.3746643066406, 470.6013488769531, 397.4190673828125, 'احدادن', 7, 1, 1)
(432.96002197265625, 387.3746643066406, 448.4039306640625, 397.4190673828125, 'بجاية', 7, 1, 2)
(544.1082763671875, 436.3346862792969, 547.9964599609375, 446.37908935546875, 'و', 8, 0, 0)
(539.2125244140625, 436.3346862792969, 544.0997314453125, 446.37908935546875, 'ﻻ', 8, 0, 1)
(533.6400146484375, 436.3346862792969, 539.2112426757812, 446.37908935546875, 'ية', 8, 0, 2)
(181.6800079345703, 315.1346740722656, 247.12503051757812, 325.1790771484375, '1245587964456', 9, 0, 0)
(540.711669921875, 315.61468505859375, 550.4823608398438, 325.6590881347656, 'رقم', 9, 0, 1)
(514.9532470703125, 315.61468505859375, 538.093994140625, 325.6590881347656, 'التعريف', 9, 0, 2)
(492.0, 315.61468505859375, 512.3428344726562, 325.6590881347656, 'الوطني', 9, 0, 3)
(528.1199951171875, 467.0546569824219, 546.7214965820312, 477.09906005859375, 'الهاتف', 10, 0, 0)
(464.8800048828125, 468.3746643066406, 515.1838989257812, 478.4190673828125, '0559030467', 10, 0, 1)
(359.0400085449219, 352.3346862792969, 482.88568115234375, 362.37908935546875, 'nesservicescom@gmail.com', 11, 0, 0)
(529.4356689453125, 494.1458740234375, 545.761962890625, 505.26165771484375, 'اتعهد', 12, 0, 0)
(520.199951171875, 494.1458740234375, 526.6642456054688, 505.26165771484375, 'ب', 12, 0, 1)
(207.1199951171875, 468.73468017578125, 227.9022674560547, 478.7790832519531, 'الجزائر', 13, 0, 0)
(268.55999755859375, 467.774658203125, 279.4339599609375, 477.8190612792969, 'البلد', 13, 1, 0)
(404.75677490234375, 211.09466552734375, 417.6443786621094, 221.1390838623047, 'نايت', 14, 0, 0)
(384.4800109863281, 211.09466552734375, 402.1751708984375, 221.1390838623047, 'عماره', 14, 0, 1)
(402.239990234375, 236.65464782714844, 417.613037109375, 246.69906616210938, 'حمزه', 15, 0, 0)
(533.3880615234375, 353.294677734375, 550.7435302734375, 363.3390808105469, 'عنوان', 16, 0, 0)
(515.2799682617188, 353.294677734375, 530.7704467773438, 363.3390808105469, 'البريد', 16, 0, 1)
(546.256103515625, 363.25469970703125, 548.1192016601562, 373.2991027832031, 'ا', 17, 0, 0)
(541.3058471679688, 363.25469970703125, 546.1930541992188, 373.2991027832031, 'ﻹ', 17, 0, 1)
(535.84228515625, 363.25469970703125, 541.3056030273438, 373.2991027832031, 'لك', 17, 0, 2)
(122.04000091552734, 263.4146728515625, 135.12310791015625, 273.4590759277344, 'تاجر', 18, 0, 0)
(432.5999755859375, 286.45465087890625, 477.8636474609375, 296.4990539550781, '12/05/2025', 19, 0, 0)
(203.40000915527344, 286.6946716308594, 241.55072021484375, 296.73907470703125, 'NHa1810', 19, 1, 0)
(534.4814453125, 285.61468505859375, 550.019775390625, 295.6590881347656, 'تاريخ', 19, 1, 1)
(509.6400146484375, 285.61468505859375, 531.8638305664062, 295.6590881347656, 'التسجيل', 19, 1, 2)
(271.6782531738281, 285.0146789550781, 284.0697021484375, 295.05908203125, 'رمز', 19, 2, 0)
(250.67999267578125, 285.0146789550781, 269.0606689453125, 295.05908203125, 'القارئ', 19, 2, 1)
(143.27999877929688, 263.0546875, 159.72561645507812, 273.0990905761719, 'المهنة', 20, 0, 0)
(410.5976257324219, 263.0546875, 426.13592529296875, 273.0990905761719, 'تاريخ', 20, 1, 0)
(404.2781982421875, 263.0546875, 408.1663513183594, 273.0990905761719, 'و', 20, 1, 1)
(387.83148193359375, 263.0546875, 401.7235412597656, 273.0990905761719, 'مكان', 20, 1, 2)
(375.7434997558594, 263.0546875, 385.2138366699219, 273.0990905761719, 'المي', 20, 1, 3)
(370.3380126953125, 263.0546875, 375.7382507324219, 273.0990905761719, 'ﻼ', 20, 1, 4)
(367.30126953125, 263.0546875, 370.3343811035156, 273.0990905761719, 'د', 20, 1, 5)
(316.32000732421875, 263.8946838378906, 361.5834655761719, 273.9390869140625, '07/04/1983', 20, 1, 6)
(350.6063232421875, 137.20545959472656, 396.37939453125, 161.71372985839844, 'بطاقة', 21, 0, 0)
(290.3041076660156, 137.20545959472656, 352.8865661621094, 161.71372985839844, 'التسجيل', 21, 0, 1)
(274.5399169921875, 137.20545959472656, 292.4093322753906, 161.71372985839844, 'و', 21, 0, 2)
(231.30882263183594, 137.20545959472656, 276.8201599121094, 161.71372985839844, 'التزام', 21, 0, 3)
(174.45518493652344, 137.20545959472656, 227.4876251220703, 161.71372985839844, 'القارئ', 21, 0, 4)
(17.880001068115234, 210.01466369628906, 36.88267517089844, 220.05908203125, 'Nom', 22, 0, 0)
(39.44626998901367, 210.01466369628906, 41.93937301635742, 220.05908203125, ':', 22, 0, 1)
(17.880001068115234, 236.29466247558594, 49.519065856933594, 246.33908081054688, 'Prénom', 23, 0, 0)
(52.082664489746094, 236.29466247558594, 54.575767517089844, 246.33908081054688, ':', 23, 0, 1)
(441.96002197265625, 211.16839599609375, 460.4573669433594, 223.48953247070312, 'اللقب', 24, 0, 0)
(458.144775390625, 234.56838989257812, 460.5295104980469, 246.8895263671875, 'ا', 25, 0, 0)
(452.77545166015625, 234.56838989257812, 458.14111328125, 246.8895263671875, 'ﻻ', 25, 0, 1)
(442.08001708984375, 234.56838989257812, 452.77105712890625, 246.8895263671875, 'سم', 25, 0, 2)
(425.03997802734375, 210.01466369628906, 427.5330810546875, 220.05908203125, ':', 26, 0, 0)
(425.03997802734375, 237.01466369628906, 427.5330810546875, 247.05908203125, ':', 27, 0, 0)
(432.85870361328125, 188.3858642578125, 440.0487060546875, 199.50164794921875, 'أنا', 28, 0, 0)
(409.42742919921875, 188.3858642578125, 430.0834655761719, 199.50164794921875, 'الموقع', 28, 0, 1)
(392.760009765625, 188.3858642578125, 406.71990966796875, 199.50164794921875, 'أدناه', 28, 0, 2)
(536.5181274414062, 555.8258056640625, 543.81787109375, 566.9415893554688, 'إع', 29, 0, 0)
(530.5360717773438, 555.8258056640625, 536.5122680664062, 566.9415893554688, 'ﻼ', 29, 0, 1)
(519.2615356445312, 555.8258056640625, 530.5355834960938, 566.9415893554688, 'مكم', 29, 0, 2)
(494.62469482421875, 555.8258056640625, 516.4928588867188, 566.9415893554688, 'بإقامتي', 29, 0, 3)
(470.6358642578125, 555.8258056640625, 491.8570251464844, 566.9415893554688, 'الجديدة', 29, 0, 4)
(459.3428649902344, 555.8258056640625, 467.8627624511719, 566.9415893554688, 'في', 29, 0, 5)
(443.2358093261719, 555.8258056640625, 456.5677185058594, 566.9415893554688, 'حالة', 29, 0, 6)
(420.1199951171875, 555.8258056640625, 440.5450744628906, 566.9415893554688, 'تغيرها', 29, 0, 7)
(541.8121948242188, 536.1458740234375, 543.8739624023438, 547.2616577148438, 'ا', 30, 0, 0)
(536.394287109375, 536.1458740234375, 541.8027954101562, 547.2616577148438, 'ﻻ', 30, 0, 1)
(521.6160888671875, 536.1458740234375, 536.4639892578125, 547.2616577148438, 'لتزام', 30, 0, 2)
(500.529052734375, 536.1458740234375, 518.8670654296875, 547.2616577148438, 'بإعادة', 30, 0, 3)
(480.2454528808594, 536.1458740234375, 497.7613830566406, 547.2616577148438, 'الكتب', 30, 0, 4)
(465.1317138671875, 536.1458740234375, 477.4778137207031, 547.2616577148438, 'التي', 30, 0, 5)
(434.60076904296875, 536.1458740234375, 462.43408203125, 547.2616577148438, 'أستعيرها', 30, 0, 6)
(423.38330078125, 536.1458740234375, 431.9031982421875, 547.2616577148438, 'في', 30, 0, 7)
(402.48394775390625, 536.1458740234375, 420.6156311035156, 547.2616577148438, 'الوقت', 30, 0, 8)
(379.67999267578125, 536.1458740234375, 399.7162780761719, 547.2616577148438, 'المحدد', 30, 0, 9)
(541.856201171875, 517.3058471679688, 543.91796875, 528.421630859375, 'ا', 31, 0, 0)
(536.4383544921875, 517.3058471679688, 541.8468627929688, 528.421630859375, 'ﻻ', 31, 0, 1)
(512.7484130859375, 517.3058471679688, 536.4307250976562, 528.421630859375, 'ستحفاظ', 31, 0, 2)
(496.8205261230469, 517.3058471679688, 509.9723205566406, 528.421630859375, 'على', 31, 0, 3)
(468.3448486328125, 517.3058471679688, 494.0527648925781, 528.421630859375, 'ممتلكات', 31, 0, 4)
(445.04736328125, 517.3058471679688, 465.5771789550781, 528.421630859375, 'المكتبة', 31, 0, 5)
(437.003173828125, 517.3058471679688, 442.272216796875, 528.421630859375, 'خ', 31, 0, 6)
(431.0211181640625, 517.3058471679688, 436.9973449707031, 528.421630859375, 'ﻼ', 31, 0, 7)
(425.97772216796875, 517.3058471679688, 431.0176696777344, 528.421630859375, 'ل', 31, 0, 8)
(402.798583984375, 517.3058471679688, 423.2869873046875, 528.421630859375, 'ترددي', 31, 0, 9)
(384.09942626953125, 517.3058471679688, 400.0224609375, 528.421630859375, 'عليها', 31, 0, 10)
(357.02508544921875, 517.3058471679688, 381.3304443359375, 528.421630859375, 'واحترام', 31, 0, 11)
(333.9637145996094, 517.3058471679688, 354.25201416015625, 528.421630859375, 'قانونها', 31, 0, 12)
(308.5199890136719, 517.3058471679688, 331.1960754394531, 528.421630859375, 'الداخلي', 31, 0, 13)
(385.08001708984375, 188.89466857910156, 387.5731201171875, 198.9390869140625, ':', 32, 0, 0)
(542.1033325195312, 576.5858154296875, 544.1651000976562, 587.7015991210938, 'ا', 33, 0, 0)
(536.6854248046875, 576.5858154296875, 542.0939331054688, 587.7015991210938, 'ﻻ', 33, 0, 1)
(512.9330444335938, 576.5858154296875, 536.6778564453125, 587.7015991210938, 'ستحفاظ', 33, 0, 2)
(499.88433837890625, 576.5858154296875, 510.15692138671875, 587.7015991210938, 'عل', 33, 0, 3)
(477.94158935546875, 576.5858154296875, 497.2564697265625, 587.7015991210938, 'ىبطاقة', 33, 0, 4)
(454.91998291015625, 576.5858154296875, 475.1739196777344, 587.7015991210938, 'القارئ', 33, 0, 5)
(497.6400146484375, 262.6946716308594, 515.8024291992188, 272.73907470703125, 'الجنس', 34, 0, 0)
(474.3599853515625, 263.4146728515625, 484.48193359375, 273.4590759277344, 'ذكر', 34, 1, 0)
(262.08001708984375, 263.4146728515625, 282.183349609375, 273.4590759277344, 'برباشة', 34, 2, 0)
(371.5199890136719, 593.745849609375, 392.0220947265625, 604.8616333007812, 'المكتبة', 35, 0, 0)
(394.78973388671875, 593.745849609375, 404.77410888671875, 604.8616333007812, 'إلى', 35, 0, 1)
(407.5417175292969, 593.745849609375, 425.5379943847656, 604.8616333007812, 'دخول', 35, 0, 2)
(428.3092956542969, 593.745849609375, 437.2138671875, 604.8616333007812, 'كل', 35, 0, 3)
(440.04095458984375, 593.745849609375, 451.0625305175781, 604.8616333007812, 'عند', 35, 0, 4)
(453.838623046875, 593.745849609375, 474.1625061035156, 604.8616333007812, 'القارئ', 35, 0, 5)
(476.860107421875, 593.745849609375, 493.7432556152344, 604.8616333007812, 'بطاقة', 35, 0, 6)
(496.4339599609375, 593.745849609375, 510.6377868652344, 604.8616333007812, 'تقديم', 35, 0, 7)
(513.3284912109375, 593.745849609375, 526.4963989257812, 606.6544799804688, 'ّعلي', 35, 0, 8)
(529.2724609375, 593.745849609375, 544.1511840820312, 604.8616333007812, 'يجب', 35, 0, 9)
(33.47999954223633, 731.2196044921875, 88.85814666748047, 744.6121215820312, 'Signature', 36, 0, 0)
(186.24000549316406, 808.3795776367188, 217.05661010742188, 821.7720947265625, 'التسجيل', 37, 0, 0)
(220.4002685546875, 808.3795776367188, 241.61790466308594, 821.7720947265625, 'تاريخ', 37, 0, 1)
(244.8638458251953, 808.3795776367188, 256.3364562988281, 821.7720947265625, 'من', 37, 0, 2)
(259.81707763671875, 808.3795776367188, 278.144287109375, 821.7720947265625, 'واحد', 37, 0, 3)
(281.48046875, 808.3795776367188, 295.10968017578125, 821.7720947265625, 'عام', 37, 0, 4)
(298.4439697265625, 808.3795776367188, 314.3991394042969, 821.7720947265625, 'لمدة', 37, 0, 5)
(317.73773193359375, 808.3795776367188, 341.6156311035156, 822.4921264648438, 'اًصالح', 37, 0, 6)
(368.785400390625, 808.3795776367188, 371.37750244140625, 821.7720947265625, 'ا', 37, 0, 7)
(362.94921875, 808.3795776367188, 368.78143310546875, 821.7720947265625, 'ﻻ', 37, 0, 8)
(344.8177490234375, 808.3795776367188, 363.11724853515625, 821.7720947265625, 'لتزام', 37, 0, 9)
(374.87957763671875, 808.3795776367188, 387.2109375, 821.7720947265625, 'هذا', 37, 0, 10)
(546.3258056640625, 799.0657958984375, 550.4593505859375, 810.1815795898438, 'م', 38, 0, 0)
(540.9371337890625, 799.0657958984375, 546.32568359375, 810.1815795898438, 'ﻼ', 38, 0, 1)
(526.5599975585938, 799.0657958984375, 541.066650390625, 810.1815795898438, 'حظة', 38, 0, 2)
(423.0, 731.2196044921875, 496.0420837402344, 744.6121215820312, "L'égalisation", 39, 0, 0)
